15 20
0 0 0 0 0 0 0 0 0 9 0 0 0 0 0
0 8 0 0 0 6 0 0 6 0 0 0 0 0 0
0 0 0 0 0 0 0 0 0 0 0 0 0 0 0
0 0 0 10 0 0 0 0 6 0 6 0 0 0 0
0 10 0 0 0 0 0 0 0 0 0 0 15 0 0
0 0 0 14 0 0 9 0 0 0 6 0 0 0 0
0 0 0 0 0 12 0 0 0 0 0 0 0 0 0
0 0 0 0 0 0 0 0 6 0 0 0 12 0 0
0 0 0 0 0 0 0 0 0 0 0 0 8 0 0
0 0 0 0 0 9 0 0 0 0 0 0 0 0 0
0 0 0 0 0 0 0 0 0 0 0 0 0 0 0
0 14 0 0 0 0 0 0 8 0 0 0 0 0 24
0 0 0 0 0 0 0 0 0 6 0 0 6 0 0
0 0 0 9 0 0 6 0 0 28 0 0 0 0 0
0 0 0 0 0 0 0 0 0 0 0 0 0 0 0
0 0 0 0 0 0 0 8 0 0 0 0 0 0 0
0 0 0 10 0 0 0 0 0 0 0 0 0 0 0
0 0 0 0 0 0 15 0 6 0 0 0 0 0 0
0 0 0 0 0 0 0 0 0 0 0 0 0 0 0
8 0 0 0 0 0 0 0 0 0 0 0 0 0 0
